1111111111110000011111111111
1111111100000000000000111111
1111110000000000000000011111
1111000000000000000000000111
1110000000011111110000000011
1110000001111111111100000011
1100000011111111111110000001
1000000111111111111111000001
1000000111111111111111000000
1000000111111111111111000000
0000001111111111111111000000
0000001111111111111111000000
0000000000000000000000000000
0000000000000000000000000000
0000000000000000000000000000
0000001111111111111111111111
0000001111111111111111111111
0000001111111111111111111111
1000000111111111111111111111
1000000111111111111111111111
1000000111111111111111111111
1100000011111111111111000000
1100000001111111111110000001
1110000000111111111000000011
1111000000000000000000000011
1111100000000000000000000111
1111111000000000000000011111
1111111111000000000011111111
