1111111111111111000000000000
1111111111000000000000000000
1111111110000000000000000000
1111111100000000000011111111
1111111100000000000111111111
1111111100000000001111111111
1111111100000000001111111111
1111111100000000001111111111
0000000000000000000000000000
0000000000000000000000000000
1111111000000000001111111111
1111111100000000001111111111
1111111100000000001111111111
1111111100000000001111111111
1111111100000000001111111111
1111111100000000001111111111
1111111100000000001111111111
1111111100000000001111111111
1111111100000000001111111111
1111111100000000001111111111
1111111100000000001111111111
1111111100000000001111111111
1111111100000000001111111111
1111111100000000001111111111
1111111100000000001111111111
1111111100000000001111111111
1111111100000000001111111111
1111111100000000001111111111
