1111111111100011111111111111
1111110000000000000111100000
1111000000000000000001100000
1110000000011111100000100000
1000000011111111111000000000
1000000011111111111100000000
1000000111111111111110000000
0000001111111111111111000000
0000001111111111111111000000
0000001111111111111111100000
0000001111111111111111100000
0000001111111111111111100000
0000001111111111111111100000
0000001111111111111111000000
1000000111111111111110000000
1000000111111111111110000000
1000000011111111111000000000
1100000000111111100000100000
1110000000000000000001100000
1111100000000000000111100000
1111111110000001111111100000
1111111111111111111111100000
1111111111111111111111000000
1000000011111111111110000000
1100000001111111111100000001
1110000000001111100000000011
1111100000000000000000001111
1111110000000000000000011111
