0000001111111111111111111111
0000001111111111111111111111
0000001111111111111111111111
0000001111111111111111111111
0000001111111111111111111111
0000001111111111111111111111
0000001111111111111111111111
0000001111111110000011111111
0000001110000000000000000111
0000001100000000000000000011
0000000000001111111000000001
0000000001111111111110000000
0000000011111111111110000000
0000000111111111111111000000
0000001111111111111111000000
0000001111111111111111000000
0000001111111111111111000000
0000001111111111111111000000
0000001111111111111111000000
0000001111111111111111000000
0000001111111111111111000000
0000001111111111111111000000
0000001111111111111111000000
0000001111111111111111000000
0000001111111111111111000000
0000001111111111111111000000
0000001111111111111111000000
0000001111111111111111000000
