1111111111111000000000000000
1111111111111000000000000000
1111111111111000000000000000
1111111111111111111111100000
1111111111111111111111100000
1111111111111111111111100000
1111111111111000000000000000
1111111111111000000000000000
1111111111111000000000000000
1111111111111000000000000000
1111111111111000000000000000
1111111111111000000000000000
1111111111111000000000000000
1111111111111000000000000000
1111111111111000000000000000
1111111111111000000000000000
1111111111111000000000000000
1111111111111000000000000000
1111111111111000000000000000
1111111111111000000000000000
1111111111111000000000000000
1111111111111000000000000000
1111111111111000000000000000
1111111111111000000000000000
1111111111111000000000000000
1111111111110000000000000011
0000000000000000000000000011
0000000000000000000000111111
