0000000111111111111111111111
0000000111111111111111111111
0000000111111111111111111111
0000000111111111111111111111
0000000111111111111111111111
0000000111111111111111111111
0000000111111111111111111111
0000000111111111111111111111
0000000111111111111000000001
0000000111111111110000000011
0000000111111111100000001111
0000000111111110000000111111
0000000111111100000001111111
0000000111110000000111111111
0000000111000000011111111111
0000000110000000111111111111
0000000000000011111111111111
0000000000000001111111111111
0000000000000000011111111111
0000000001100000001111111111
0000000111110000000111111111
0000000111111100000001111111
0000000111111100000000111111
0000000111111111000000011111
0000000111111111100000001111
0000000111111111110000000011
0000000111111111111100000001
0000000111111111111110000000
