1111111110011111111110001111
0000111000000011110000000011
1000100000000001100000000001
1000100000000001000000000000
1000000111100000000111100000
1000001111110000001111110000
1000011111110000011111110000
1000011111111000011111110000
1000011111111000111111110000
1000011111111000111111111000
1000111111111000111111111000
1000111111111000111111111000
1000111111111000111111111000
1000111111111000111111111000
1000111111111000111111111000
1000111111111000111111111000
1000111111111000111111111000
1000111111111000111111111000
1000111111111000111111111000
1000111111111000111111111000
1000111111111000111111111000
1000111111111000111111111000
1000111111111000111111111000
1000111111111000111111111000
1000111111111000111111111000
1000111111111000111111111000
1000111111111000111111111000
1000111111111000111111111000
