1111111111111110000011111111
0000001111100000000000001111
1000001110000000000000000011
1000000100000000000000000001
1000000000000111111000000000
1000000000111111111110000000
1000000001111111111111000000
1000000011111111111111000000
1000000111111111111111000000
1000000111111111111111000000
1000000111111111111111000000
1000000111111111111111000000
1000000111111111111111000000
1000000111111111111111000000
1000000111111111111111000000
1000000111111111111111000000
1000000111111111111111000000
1000000111111111111111000000
1000000111111111111111000000
1000000111111111111111000000
1000000111111111111111000000
1000000111111111111111000000
1000000111111111111111000000
1000000111111111111111000000
1000000111111111111111000000
1000000111111111111111000000
1000000111111111111111000000
1000000111111111111111000000
