1111111111110000011111111111
1111111000000000000001111111
1111100000000000000000011111
1111000000000000000000000111
1110000000011111110000000111
1110000001111111111000000011
1100000011111111111110000011
1000000111111111111110000001
1000000111111111111111000001
1000000111111111111111000000
0000001111111111111111000000
0000001111111111111111000000
0000001111111111111111000000
0000001111111111111111000000
0000001111111111111111000000
0000001111111111111111000000
0000001111111111111111000000
0000001111111111111111000000
1000001111111111111111000000
1000000111111111111111000000
1000000111111111111110000001
1000000111111111111110000001
1100000011111111111100000011
1110000001111111111000000011
1100000000011111100000000111
1000000000000000000000001111
1000100000000000000000111111
1001111100000000000001111111
