1111111111111100001111111111
0000001110000000000000011111
0000001000000000000000000111
0000000000011111100000000011
0000000001111111111100000011
0000000011111111111100000001
0000000111111111111110000000
0000000111111111111110000000
0000001111111111111111000000
0000001111111111111111000000
0000001111111111111111000000
0000001111111111111111000000
0000001111111111111111000000
0000001111111111111110000000
0000000111111111111110000000
0000000111111111111110000001
0000000011111111111100000001
0000000000111111110000000011
0000001000000000000000000111
0000001100000000000000011111
0000001111110000000011111111
0000001111111111111111111111
0000001111111111111111111111
0000001111111111111111111111
0000001111111111111111111111
0000001111111111111111111111
0000001111111111111111111111
0000001111111111111111111111
