1111111111111111111110000001
0000000000111110000000000000
0000000000111100000000000000
1000000000010000000000000000
1000000000000000000000000000
1000000000000000011111111111
1000000000000001111111111111
1000000000000111111111111111
1000000000000111111111111111
1000000000001111111111111111
1000000000001111111111111111
1000000000011111111111111111
1000000000011111111111111111
1000000000011111111111111111
1000000000011111111111111111
1000000000011111111111111111
1000000000011111111111111111
1000000000011111111111111111
1000000000011111111111111111
1000000000011111111111111111
1000000000011111111111111111
1000000000011111111111111111
1000000000011111111111111111
1000000000011111111111111111
1000000000011111111111111111
1000000000011111111111111111
1000000000011111111111111111
1000000000011111111111111111
