1111111111110000111111111111
1111111000000000000000111111
1111000000000000000000001111
1110000000000000000000000011
1100000000111111110000000011
1000000011111111111110000001
1000000111111111111110000001
1000000111111111111111001111
1000000111111111111111111111
1000000011111111101111111111
1100000000111110000111111111
1110000000000000001111111111
1110000000000000000111111111
1111100000000000000000111111
1111111100000000000000001111
1111111110000000000000000111
1111111100001100000000000011
1111111100111111111000000001
1111111111111111111110000000
1111111111111111111111000000
1111111111111111111111000000
0000011111111111111111000000
0000001111111111111111000000
1000000111111111111110000000
1000000000111111110000000001
1100000000000000000000000011
1110000000000000000000001111
1111110000000000000000111111
