1111111111000000111111111111
1111111111000000011111111111
1111111110000000011111111111
1111111110000000011111111111
1111111000000000011111111111
0000000000000000000000000001
0000000000000000000000000001
0000000000000000000000000001
1111110000000000011111111111
1111110000000000011111111111
1111110000000000011111111111
1111110000000000011111111111
1111110000000000011111111111
1111110000000000011111111111
1111110000000000011111111111
1111110000000000011111111111
1111110000000000011111111111
1111110000000000011111111111
1111110000000000011111111111
1111110000000000011111111111
1111110000000000011111111111
1111110000000000011111111111
1111110000000000011111111111
1111110000000000011111111111
1111111000000000001111111111
1111111000000000000000000000
1111111110000000000000000000
1111111111110000000000000000
