0000111111111111111111111000
0000111111111111111111110000
1000111111111111111111110000
1000111111111111111111110000
1000011111111111111111110000
1000011111111111111111110001
1000011111100000011111100001
1000011111100000011111100001
1100011111100000011111100001
1100011111100000011111100011
1100001111100110001111100011
1100001111000110001111100011
1110001111000110001111100011
1110001111000111001111000011
1110001111000111000111000111
1110001111001111000111000111
1110000110001111000110000111
1111000110001111000110001111
1111000110001111000110001111
1111000100011111100010001111
1111000000011111100010001111
1111100000011111100010001111
1111100000011111100010001111
1111100000011111100000011111
1111100000011111110000011111
1111100000111111110000011111
1111110000111111110000011111
1111110000111111110000011111
