1000000111111111111111000000
1000000111111111111110000001
1110000011111111111100000011
1110000011111111111000000111
1111000000111111111000001111
1111100000111111110000011111
1111110000011111110000111111
1111111000011111100001111111
1111111100011111100001111111
1111111100001111000011111111
1111111111000110000111111111
1111111111100010001111111111
1111111111100000011111111111
1111111111110000111111111111
1111111111110000011111111111
1111111111100010011111111111
1111111111000010001111111111
1111111111001111000111111111
1111111100001111100011111111
1111111100011111100001111111
1111111000011111110000111111
1111100000111111110000011111
1111100000111111111000001111
1111000001111111111000001111
1110000011111111111100000111
1110000011111111111110000011
1000000111111111111110000001
0000001111111111111111000000
