1000000111111111111111000000
1000000011111111111110000001
1100000011111111111100000011
1110000001111111111000000111
1111000000111111110000000111
1111000000011111110000001111
1111100000011111100000011111
1111110000001111100000111111
1111111000001111000000111111
1111111000000110000001111111
1111111100000000000011111111
1111111110000000000111111111
1111111111000000001111111111
1111111111100000001111111111
1111111111000000001111111111
1111111111000000000111111111
1111111110000000000111111111
1111111100000010000001111111
1111111000000110000001111111
1111111000001111000000111111
1111100000011111100000011111
1111100000011111110000001111
1111000000111111110000001111
1111000000111111111000000111
1110000001111111111000000011
1100000011111111111100000011
1000000111111111111110000001
0000000111111111111111000000
