0000001111111111111111100000
1000001111111111111111000000
1000000111111111111110000001
1100000111111111111110000001
1100000011111111111100000011
1110000001111111111100000111
1111000001111111111100000111
1111000000111111111000001111
1111100000111111111000001111
1111100000011111110000011111
1111110000011111110000011111
1111110000001111100000111111
1111111000000111000001111111
1111111000000111000001111111
1111111110000010000011111111
1111111110000010000011111111
1111111111000000000111111111
1111111111000000000111111111
1111111111100000001111111111
1111111111100000001111111111
1111111111110000011111111111
1111111111100000111111111111
1111111111000000111111111111
1111111110000001111111111111
1111111110000011111111111111
1111100000000111111111111111
1100000000001111111111111111
1100000000011111111111111111
