1000000000000000000000000001
1000000000000000000000000001
1000000000000000000000000001
1000000000000000000000000001
1111111111111111111000000011
1111111111111111111000000111
1111111111111111110000001111
1111111111111111000000011111
1111111111111111000000011111
1111111111111110000000111111
1111111101111100000001111111
1111111000001000000111111111
1111111111000000000111111111
1111111111100000001111111111
1111111111000000000001111111
1111111110000000111001111111
1111111100000011111111111111
1111111000000111111111111111
1111110000000111111111111111
1111100000011111111111111111
1111000000011111111111111111
1110000000111111111111111111
1100000001111111111111111111
1000000011111111111111111111
0000000000000000000000000000
0000000000000000000000000000
0000000000000000000000000000
0000000000000000000000000000
