1111111111110000011111111111
1111111110000000011111111111
1111111000000000011111111111
1111100000000000011111111111
1110000000010000011111111111
1000000011110000011111111111
1000000111110000011111111111
1001111111110000011111111111
1111111111110000011111111111
1111111111110000011111111111
1111111111110000011111111111
1111111111110000011111111111
1111111111110000011111111111
1111111111110000011111111111
1111111111110000011111111111
1111111111110000011111111111
1111111111110000011111111111
1111111111110000011111111111
1111111111110000011111111111
1111111111110000011111111111
1111111111110000011111111111
1111111111110000011111111111
1111111111110000011111111111
1111111111110000011111111111
1111111111110000011111111111
0000000000000000000000000000
0000000000000000000000000000
0000000000000000000000000000
