1111111111100000011111111111
1111110000000000000000011111
1111000000000000000000000111
1110000000001111000000000011
1100000001111111111000000011
1000000111111111111100000001
1000000111111111111110000000
0000001111111111111110000000
1111111111111111111110000000
1111111111111111111110000001
1111111111111111111110000001
1111111111111111111100000011
1111111111111111111000000111
1111111111111111100000001111
1111111111111110000000011111
1111111111111100000001111111
1111111111100000000111111111
1111111111000000001111111111
1111111100000001111111111111
1111111000000011111111111111
1111100000001111111111111111
1111000000011111111111111111
1110000001111111111111111111
1000000011111111111111111111
1000000111111111111111111111
0000000000000000000000000000
0000000000000000000000000000
0000000000000000000000000000
