1111111111110000011111111111
1111110000000000000000011111
1111000000000000000000001111
1110000000001111000000000011
1100000001111111111000000011
1000000111111111111100000001
1000000111111111111110000001
1000001111111111111111000000
1111111111111111111111000001
1111111111111111111110000001
1111111111111111111100000011
1111111111111111111000000011
1111111111000000000000001111
1111111111000000000000111111
1111111111000000000000011111
1111111111111100000000000011
1111111111111111111000000011
1111111111111111111110000000
1111111111111111111111000000
1111111111111111111111100000
1111111111111111111111100000
0000001111111111111111000000
1000000111111111111111000000
1000000011111111111110000000
1100000000111111110000000001
1110000000000000000000000011
1111100000000000000000001111
1111111000000000000000111111
