1111111111111111100000011111
1111111111111111000000011111
1111111111111111000000011111
1111111111111100000000011111
1111111111111000000000011111
1111111111110000000000011111
1111111111110000010000011111
1111111111100000110000011111
1111111111000001110000011111
1111111110000011110000011111
1111111100000111110000011111
1111111000001111110000011111
1111110000011111110000011111
1111100000111111110000011111
1111100000111111110000011111
1110000011111111110000011111
1100000111111111110000011111
1000001111111111110000011111
1000001111111111110000011111
0000000000000000000000000000
0000000000000000000000000000
0000000000000000000000000000
1111111111111111110000011111
1111111111111111110000011111
1111111111111111110000011111
1111111111111111110000011111
1111111111111111110000011111
1111111111111111110000011111
