1110000000000000000000000011
1110000000000000000000000011
1110000000000000000000000011
1100000011111111111111111111
1100000111111111111111111111
1100000111111111111111111111
1100000111111111111111111111
1100000111111111111111111111
1100000111111111111111111111
1100000111111111111111111111
1000000111110000001111111111
1000000000000000000000111111
1000000000000000000000001111
1000000000011111100000000011
1000000011111111111000000011
1111111111111111111110000001
1111111111111111111111000000
1111111111111111111111000000
1111111111111111111111000000
1111111111111111111111000000
1111111111111111111111000000
1000001111111111111111000000
0000000111111111111110000001
1000000111111111111100000011
1100000000111111110000000011
1110000000000000000000000111
1111100000000000000000111111
1111111000000000000001111111
