1111111111111000011111111111
1111111100000000000000011111
1111110000000000000000000111
1111000000000111100000000011
1111000000011111111100000011
1110000001111111111110000001
1100000011111111111110000111
1000000111111111111111111111
1000000111111111111111111111
1000001111111111111111111111
1000001111110000000011111111
0000001110000000000000011111
0000001000000000000000000111
0000000000001111100000000011
0000000001111111111100000001
0000000111111111111110000000
0000000111111111111111000000
0000001111111111111111100000
0000001111111111111111100000
1000001111111111111111100000
1000000111111111111111100000
1000000111111111111111000000
1100000011111111111110000000
1110000001111111111100000001
1111000000011111110000000011
1111000000000000000000000111
1111111000000000000000011111
1111111110000000000001111111
