0000000000000000000000000000
0000000000000000000000000000
0000000000000000000000000000
1111111111111111111111000000
1111111111111111111110000001
1111111111111111111100000011
1111111111111111111100000111
1111111111111111110000001111
1111111111111111110000011111
1111111111111111100000111111
1111111111111111000001111111
1111111111111110000011111111
1111111111111100000011111111
1111111111111100000111111111
1111111111111000001111111111
1111111111110000001111111111
1111111111110000011111111111
1111111111100000011111111111
1111111111100000111111111111
1111111111000001111111111111
1111111110000001111111111111
1111111110000001111111111111
1111111110000001111111111111
1111111100000011111111111111
1111111100000011111111111111
1111111100000011111111111111
1111111100000011111111111111
1111111100000011111111111111
