1111111111110000111111111111
1111110000000000000000111111
1111100000000000000000011111
1110000000001111000000000111
1100000001111111111000000111
1000000011111111111100000011
1000000111111111111110000001
1000000111111111111111000001
1000001111111111111111000000
0000001111111111111111000000
1000001111111111111111000000
1000000111111111111111000000
1000000111111111111111000000
1000000111111111111110000000
1100000001111111111000000000
1110000000000000000000100000
1111000000000000000000100000
1111111000000000000111000000
1111111111000000111111000000
1111111111111111111111000000
1111111111111111111111000001
1111111111111111111110000011
1000000111111111111100000011
1100000011111111111000000111
1110000000111111100000001111
1110000000000000000000011111
1111100000000000000001111111
1111111000000000000111111111
