0000000000000111111111111111
0000000000000000000111111111
0000000000000000000001111111
0000011111110000000000001111
0000011111111111100000000111
0000011111111111111000000111
0000011111111111111100000011
0000011111111111111111000001
0000011111111111111111000001
0000011111111111111111100001
0000011111111111111111100000
0000011111111111111111100000
0000011111111111111111100000
0000011111111111111111110000
0000011111111111111111110000
0000011111111111111111100000
0000011111111111111111100000
0000011111111111111111100000
0000011111111111111111100001
0000011111111111111111000001
0000011111111111111111000001
0000011111111111111100000011
0000011111111111111000000111
0000011111111111110000000111
0000011111111110000000001111
0000000000000000000000111111
0000000000000000000011111111
0000000000000000011111111111
