0000000000000000000000000001
0000000000000000000000000001
0000000000000000000000000001
0000011111111111111111111111
0000011111111111111111111111
0000011111111111111111111111
0000011111111111111111111111
0000011111111111111111111111
0000011111111111111111111111
0000011111111111111111111111
0000011111111111111111111111
0000011111111111111111111111
0000000000000000000000000011
0000000000000000000000000011
0000000000000000000000000011
0000011111111111111111111111
0000011111111111111111111111
0000011111111111111111111111
0000011111111111111111111111
0000011111111111111111111111
0000011111111111111111111111
0000011111111111111111111111
0000011111111111111111111111
0000011111111111111111111111
0000011111111111111111111111
0000000000000000000000000000
0000000000000000000000000000
0000000000000000000000000000
