1111111111111000001111111111
1111111000000000000000111111
1111110000000000000000001111
1111100000000010000000000111
1111000000111111111000000011
1110000011111111111110000001
1100000111111111111111000001
1100001111111111111111100111
1000001111111111111111111111
1000011111111111111111111111
1000011111111111111111111111
0000011111111111111111111111
0000011111111111111111111111
0000011111111111111111111111
0000011111111111000000000000
0000011111111111000000000000
0000011111111111000000000000
1000011111111111111111110000
1000011111111111111111110000
1000001111111111111111110000
1100001111111111111111110000
1100000111111111111111110000
1100000011111111111111100000
1110000001111111111111000000
1111100000001111111000000001
1111100000000000000000000011
1111111000000000000000001111
1111111110000000000001111111
