1111111111111000000000000000
1111111111111000000000000000
1111111111111000000000000000
1111111111111111111110000000
1111111111111111111110000000
1111111111111111111110000000
1111111111111111111110000000
1111111111111111111110000000
1111111111111111111110000000
1111111111111111111110000000
1111111111111111111110000000
1111111111111111111110000000
1111111111111111111110000000
1111111111111111111110000000
1111111111111111111110000000
1111111111111111111110000000
1111111111111111111110000000
1111111111111111111110000000
1111111111111111111110000000
1111111111111111111110000000
1100000111111111111110000000
1000000111111111111110000000
1000000011111111111110000001
1000000001111111111100000001
1100000000011111100000000011
1110000000000000000000000111
1111100000000000000000011111
1111111000000000000001111111
