0000011111111111111110000001
0000011111111111111000000111
0000011111111111110000001111
0000011111111111100000011111
0000011111111111000000111111
0000011111111110000001111111
0000011111111100000011111111
0000011111111000001111111111
0000011111110000011111111111
0000011111000000111111111111
0000011110000001111111111111
0000011100000011111111111111
0000011000000111111111111111
0000000000000011111111111111
0000000000000011111111111111
0000000011000000111111111111
0000000111100000011111111111
0000011111110000001111111111
0000011111111000000111111111
0000011111111100000011111111
0000011111111110000001111111
0000011111111111000000111111
0000011111111111100000011111
0000011111111111110000001111
0000011111111111111000000111
0000011111111111111100000011
0000011111111111111110000001
0000011111111111111111000000
