0000001111111111111111100000
0000001111111111111111100000
0000000111111111111111000000
0000000111111111111111000000
0000000111111111111111000000
0000000011111111111110000000
0000000011111111111110000000
0000100001111111111100001000
0000100001111111111100001000
0000110001111111111100011000
0000110001111111111000011000
0000110000111111111000111000
0000111000111111110000111000
0000111000011111110000111000
0000111000011111110001111000
0000111100001111100001111000
0000111100001111100011111000
0000111110001111100011111000
0000111110000111000011111000
0000111110000111000111111000
0000111111000010000111111000
0000111111000010001111111000
0000111111100000001111111000
0000111111100000001111111000
0000111111110000011111111000
0000111111110000011111111000
0000111111110000011111111000
0000111111111000111111111000
