0000001111111111111111110000
0000000111111111111111110000
0000000011111111111111110000
0000000001111111111111110000
0000000001111111111111110000
0000100000111111111111110000
0000010000011111111111110000
0000010000001111111111110000
0000011000001111111111110000
0000011100000111111111110000
0000011110000011111111110000
0000011111000001111111110000
0000011111000001111111110000
0000011111100000111111110000
0000011111110000011111110000
0000011111111000001111110000
0000011111111000000111110000
0000011111111100000011110000
0000011111111110000011110000
0000011111111111000001110000
0000011111111111100000110000
0000011111111111100000010000
0000011111111111110000010000
0000011111111111111000000000
0000011111111111111100000000
0000011111111111111110000000
0000011111111111111110000000
0000011111111111111111000000
