0000000000000000001111111111
0000000000000000000000011111
0000000000000000000000000111
0000011111111111000000000011
0000011111111111111100000001
0000011111111111111110000000
0000011111111111111111100000
0000011111111111111111100000
0000011111111111111111100000
0000011111111111111111100000
0000011111111111111111100000
0000011111111111111111000000
0000011111111111111110000001
0000011111111111111000000011
0000000000000000000000000011
0000000000000000000000001111
0000000000000000000000111111
0000011111111111111111111111
0000011111111111111111111111
0000011111111111111111111111
0000011111111111111111111111
0000011111111111111111111111
0000011111111111111111111111
0000011111111111111111111111
0000011111111111111111111111
0000011111111111111111111111
0000011111111111111111111111
0000011111111111111111111111
