1111111111110000111111111111
1111111100000000000001111111
1111110000000000000000011111
1111000000111111111000000111
1110000011111111111110000011
1100000111111111111111000001
1100001111111111111111100001
1000001111111111111111100001
1000011111111111111111110000
1000011111111111111111110000
1000011111111111111111110000
0000011111111111111111110000
1000011111111111111111110000
1000011111111111111111110000
1000011111111111111111110000
1000001111111111111111100000
1100001111111111111111100001
1100000111111111111111000001
1110000011111111111110000011
1111000000111111111000000111
1111100000000000000000011111
1111111000000000000000111111
1111111111000000001111111111
1111111111111000001111111111
1111111111111100000111111111
1111111111111100000111111111
1111111111111111000000000111
1111111111111111100000000111
