0000000000000000001111111111
0000000000000000000000011111
0000000000000000000000001111
0000011111111111100000000111
0000011111111111111100000011
0000011111111111111110000011
0000011111111111111111000001
0000011111111111111111000001
0000011111111111111111000001
0000011111111111111111000001
0000011111111111111111000001
0000011111111111111110000011
0000011111111111111100000011
0000000000000000000000000111
0000000000000000000000001111
0000000000000000000001111111
0000000000000000000111111111
0000011111111110000011111111
0000011111111111000001111111
0000011111111111100000111111
0000011111111111110000011111
0000011111111111110000001111
0000011111111111111000001111
0000011111111111111100000111
0000011111111111111100000111
0000011111111111111110000011
0000011111111111111111000001
0000011111111111111111100000
