1111111111110000001111111111
1111111000000000000000011111
1111100000000000000000001111
1111000000011111110000000011
1110000001111111111110000001
1100000111111111111111000001
1100000111111111111111000000
1100000111111111111111111111
1100000111111111111111111111
1100000111111111111111111111
1110000001111111111111111111
1110000000001111111111111111
1111100000000000001111111111
1111110000000000000001111111
1111111110000000000000000111
1111111111111110000000000011
1111111111111111111000000001
1111111111111111111111000000
1111111111111111111111100000
1111111111111111111111100000
1111111111111111111111100000
0000001111111111111111100000
1000000111111111111111100000
1000000111111111111111000000
1100000000111111111000000001
1110000000000000000000000011
1111100000000000000000001111
1111111000000000000001111111
