0000000000000000000000000000
0000000000000000000000000000
0000000000000000000000000000
1111111111110000011111111111
1111111111110000111111111111
1111111111110000111111111111
1111111111110000111111111111
1111111111110000111111111111
1111111111110000111111111111
1111111111110000111111111111
1111111111110000111111111111
1111111111110000111111111111
1111111111110000111111111111
1111111111110000111111111111
1111111111110000111111111111
1111111111110000111111111111
1111111111110000111111111111
1111111111110000111111111111
1111111111110000111111111111
1111111111110000111111111111
1111111111110000111111111111
1111111111110000111111111111
1111111111110000111111111111
1111111111110000111111111111
1111111111110000111111111111
1111111111110000111111111111
1111111111110000111111111111
1111111111110000111111111111
