1000011111111111111111100000
0000011111111111111111100000
0000011111111111111111100000
0000011111111111111111100000
0000011111111111111111100000
0000011111111111111111100000
0000011111111111111111100000
0000011111111111111111100000
0000011111111111111111100000
0000011111111111111111100000
0000011111111111111111100000
0000011111111111111111100000
0000011111111111111111100000
0000011111111111111111100000
0000011111111111111111100000
0000011111111111111111100000
0000011111111111111111100000
0000011111111111111111100000
1000001111111111111111100000
1000001111111111111111100000
1000001111111111111111000000
1000001111111111111111000001
1100000111111111111110000001
1100000011111111111100000011
1110000000011111100000000111
1111000000000000000000001111
1111110000000000000000111111
1111111100000000000011111111
