0000011111111111111111110000
1000011111111111111111110000
1000001111111111111111100000
1100001111111111111111100001
1100000111111111111111000001
1100000111111111111111000011
1110000111111111111110000011
1110000011111111111110000111
1111000011111111111110000111
1111000001111111111100001111
1111100001111111111100001111
1111100000111111111000001111
1111100000111111111000011111
1111110000111111111000011111
1111110000111111110000111111
1111111000011111110000111111
1111111000011111100001111111
1111111100001111100001111111
1111111100001111000001111111
1111111110000111000011111111
1111111110000111000011111111
1111111111000111000111111111
1111111111000010000111111111
1111111111000010000111111111
1111111111000000001111111111
1111111111100000001111111111
1111111111110000011111111111
1111111111110000011111111111
