0001111111111000111111111000
1000111111111000111111111000
1000111111111000111111111000
1000111111110000111111111000
1000111111110000011111110001
1100011111110000011111110001
1100011111110010011111110001
1100011111100010011111110001
1100011111100010001111110001
1100011111100010001111110001
1100001111100110001111100011
1110001111100111001111100011
1110001111000111000111100011
1110001111000111000111100011
1110001111000111000111000111
1111000111000111000111000111
1111000111001111000111000111
1111000110001111100111000111
1111000110001111100010001111
1111100110001111100010001111
1111100010011111100010001111
1111100010011111110010001111
1111100000011111110010001111
1111100000011111110000011111
1111110000011111110000011111
1111110000111111111000011111
1111110000111111111000011111
1111110000111111111000111111
