1000001111111111111111000001
1100000111111111111111000011
1100000011111111111110000011
1111000001111111111100000111
1111000001111111111000001111
1111100000111111110000011111
1111110000011111110000111111
1111111000001111100000111111
1111111000001111000001111111
1111111110000110000011111111
1111111110000010000111111111
1111111111000000001111111111
1111111111100000001111111111
1111111111110000011111111111
1111111111100000001111111111
1111111111000000001111111111
1111111111000000000111111111
1111111110000110000011111111
1111111100000111000001111111
1111111000001111100000111111
1111110000011111110000111111
1111100000111111110000011111
1111100000111111111000001111
1111000001111111111100000111
1110000011111111111110000011
1100000111111111111111000011
1100001111111111111111000001
0000001111111111111111100000
