0000011111111111111111100000
1000001111111111111111000001
1100001111111111111111000001
1100000111111111111110000011
1110000011111111111100000111
1111000001111111111000001111
1111100000111111111000001111
1111110000111111110000011111
1111110000011111110000111111
1111111000001111100000111111
1111111000001111000001111111
1111111100000110000011111111
1111111110000010000111111111
1111111111000000001111111111
1111111111000000001111111111
1111111111100000011111111111
1111111111110000011111111111
1111111111110000111111111111
1111111111110000111111111111
1111111111110000111111111111
1111111111110000111111111111
1111111111110000111111111111
1111111111110000111111111111
1111111111110000111111111111
1111111111110000111111111111
1111111111110000111111111111
1111111111110000111111111111
1111111111110000111111111111
