1100000000000000000000000001
1100000000000000000000000001
1100000000000000000000000001
1111111111111111111110000001
1111111111111111111110000011
1111111111111111111000000111
1111111111111111111000001111
1111111111111111110000011111
1111111111111111100000111111
1111111111111111000001111111
1111111111111100000011111111
1111111111111000000111111111
1111111111110000001111111111
1111111111100000011111111111
1111111111000000111111111111
1111111110000001111111111111
1111111110000011111111111111
1111111000000111111111111111
1111111000001111111111111111
1111100000011111111111111111
1111100000111111111111111111
1110000001111111111111111111
1110000011111111111111111111
1100000111111111111111111111
1000001111111111111111111111
0000000000000000000000000000
0000000000000000000000000000
0000000000000000000000000000
