1111111111000000111111111111
1111110000000000000011111111
1111100000000000000001111111
1110000000000000000000111111
1100000001111111000000011111
1100000011111111100000011111
1100000111111111110000011111
1000000111111111111000001111
1111111111111111111000001111
1111111111111111111000001111
1111111111111111111000001111
1111111110000000000000001111
1111100000000000000000001111
1110000000000000000000001111
1100000000000000000000001111
1000000011111111111000001111
1000000111111111111000001111
0000001111111111111000001111
0000001111111111111000001111
0000001111111111110000001111
0000001111111111100000001111
0000001111111111100000001111
0000001111111111000000001111
1000000111111100000000001111
1000000000000000001100000000
1100000000000000011100000000
1110000000000001111100000000
1111100000000111111111000000
